1880     -0.26     -0.16
1881     -0.14     -0.19
1882     -0.09     -0.22
1883     -0.22     -0.25
1884     -0.40     -0.28
1885     -0.41     -0.30
1886     -0.39     -0.30
1887     -0.24     -0.29
1888     -0.20     -0.26
1889     -0.19     -0.24
1890     -0.24     -0.23
1891     -0.31     -0.22
1892     -0.11     -0.21
1893     -0.35     -0.20
1894     -0.12     -0.19
1895     -0.18     -0.18
1896     -0.14     -0.17
1897     -0.19     -0.16
1898     -0.19     -0.16
1899     -0.12     -0.17
1900     -0.13     -0.21
1901     -0.06     -0.26
1902     -0.31     -0.33
1903     -0.52     -0.38
1904     -0.54     -0.43
1905     -0.59     -0.46
1906     -0.34     -0.47
1907     -0.46     -0.46
1908     -0.47     -0.44
1909     -0.40     -0.44
1910     -0.45     -0.44
1911     -0.41     -0.42
1912     -0.47     -0.39
1913     -0.45     -0.35
1914     -0.26     -0.32
1915     -0.15     -0.30
1916     -0.20     -0.28
1917     -0.38     -0.27
1918     -0.28     -0.26
1919     -0.27     -0.24
1920     -0.31     -0.22
1921     -0.06     -0.20
1922     -0.09     -0.18
1923     -0.22     -0.16
1924     -0.17     -0.15
1925     -0.13     -0.16
1926     -0.19     -0.17
1927     -0.11     -0.17
1928     -0.20     -0.16
1929     -0.34     -0.16
1930     -0.07     -0.15
1931     -0.12     -0.14
1932     -0.17     -0.13
1933     -0.09     -0.12
1934     -0.09     -0.11
1935     -0.13     -0.09
1936     -0.22     -0.06
1937      0.01     -0.03
1938      0.05     -0.00
1939      0.11      0.03
1940     -0.06      0.06
1941      0.12      0.08
1942      0.10      0.09
1943      0.13      0.10
1944      0.12      0.11
1945      0.06      0.10
1946      0.19      0.09
1947      0.05      0.08
1948      0.02      0.08
1949      0.07      0.08
1950      0.03      0.09
1951      0.14      0.10
1952      0.20      0.11
1953      0.17      0.11
1954      0.01      0.09
1955      0.23      0.07
1956     -0.09      0.05
1957     -0.10      0.05
1958      0.13      0.05
1959      0.04      0.07
1960      0.11      0.10
1961      0.17      0.10
1962      0.15      0.08
1963      0.13      0.06
1964     -0.11      0.03
1965     -0.11     -0.01
1966      0.08     -0.04
1967     -0.07     -0.07
1968     -0.09     -0.08
1969     -0.16     -0.09
1970     -0.06     -0.11
1971     -0.11     -0.12
1972     -0.23     -0.12
1973      0.01     -0.12
1974     -0.19     -0.11
1975     -0.06     -0.09
1976     -0.28     -0.06
1977      0.06     -0.04
1978     -0.04     -0.01
1979      0.08      0.01
1980      0.01      0.01
1981      0.08     -0.01
1982     -0.08     -0.02
1983     -0.06     -0.02
1984     -0.12     -0.01
1985     -0.01      0.02
1986      0.04      0.07
1987      0.14      0.14
1988      0.23      0.20
1989      0.28      0.25
1990      0.48      0.29
1991      0.27      0.31
1992     -0.03      0.33
1993     -0.09      0.32
1994      0.43      0.32
1995      0.33      0.34
1996      0.13      0.39
1997      0.26      0.44
1998      0.68      0.49
1999      0.76      0.54
2000      0.56      0.59
2001      0.71      0.61
2002      0.57      0.61
2003      0.52      0.61
2004      0.68      0.61
2005      0.55      0.62
2006      0.66      0.63
2007      0.68      0.64
2008      0.60      0.65
2009      0.67      0.66
2010      0.73      0.67
2011      0.56      0.69
2012      0.73      0.72
2013      0.68      0.78
2014      0.76      0.85
2015      1.01      0.92
2016      1.07      1.00
2017      1.03      1.08