1880     -0.31     -0.08
1881      0.15     -0.17
1882      0.10     -0.25
1883     -0.76     -0.33
1884     -0.53     -0.40
1885     -0.70     -0.45
1886     -0.46     -0.41
1887     -0.21     -0.31
1888     -0.45     -0.23
1889      0.25     -0.20
1890      0.11     -0.20
1891     -0.24     -0.21
1892     -0.48     -0.24
1893     -0.64     -0.26
1894      0.15     -0.25
1895     -0.66     -0.22
1896      0.19     -0.17
1897     -0.07     -0.10
1898     -0.11     -0.05
1899     -0.36     -0.03
1900      0.59     -0.06
1901      0.06     -0.11
1902     -0.04     -0.14
1903     -0.56     -0.18
1904     -0.36     -0.22
1905     -0.39     -0.21
1906      0.02     -0.17
1907     -0.16     -0.09
1908      0.17     -0.02
1909     -0.20      0.00
1910      0.34     -0.01
1911      0.15     -0.03
1912     -0.84     -0.05
1913     -0.10     -0.11
1914      0.05     -0.21
1915     -0.14     -0.25
1916     -0.50     -0.25
1917     -0.96     -0.27
1918      0.05     -0.27
1919     -0.13     -0.21
1920     -0.40     -0.15
1921      1.09     -0.11
1922      0.14     -0.08
1923     -0.07     -0.04
1924     -0.65      0.02
1925      0.39      0.03
1926      0.06      0.03
1927      0.19      0.05
1928      0.07      0.09
1929     -0.52      0.13
1930      0.12      0.18
1931      0.99      0.27
1932     -0.01      0.33
1933      0.64      0.35
1934      1.19      0.33
1935      0.02      0.32
1936      0.16      0.33
1937     -0.13      0.32
1938      0.76      0.31
1939      0.78      0.33
1940      0.02      0.33
1941      0.52      0.29
1942      0.04      0.21
1943      0.13      0.17
1944      0.06      0.15
1945     -0.03      0.12
1946      0.61      0.10
1947      0.05      0.07
1948     -0.11      0.03
1949      0.16      0.00
1950     -0.26      0.04
1951     -0.39      0.13
1952      0.26      0.19
1953      0.84      0.23
1954      0.77      0.28
1955     -0.08      0.29
1956      0.24      0.24
1957      0.13      0.14
1958      0.06      0.07
1959      0.14      0.04
1960     -0.23      0.02
1961      0.01      0.01
1962     -0.01     -0.02
1963      0.19     -0.04
1964     -0.10     -0.05
1965     -0.12     -0.09
1966     -0.21     -0.13
1967     -0.08     -0.16
1968     -0.28     -0.17
1969     -0.20     -0.17
1970     -0.14     -0.15
1971     -0.11     -0.10
1972     -0.31     -0.07
1973      0.25     -0.05
1974      0.19     -0.03
1975     -0.19     -0.04
1976     -0.24     -0.09
1977      0.36     -0.11
1978     -0.46     -0.09
1979     -0.52     -0.06
1980      0.25     -0.05
1981      0.66     -0.03
1982     -0.30      0.01
1983      0.03      0.07
1984      0.06      0.14
1985     -0.35      0.22
1986      0.75      0.29
1987      0.80      0.38
1988      0.37      0.48
1989     -0.08      0.52
1990      0.91      0.47
1991      0.70      0.43
1992      0.37      0.43
1993     -0.34      0.39
1994      0.54      0.33
1995      0.44      0.34
1996     -0.04      0.45
1997      0.18      0.56
1998      1.33      0.64
1999      1.08      0.73
2000      0.71      0.82
2001      0.95      0.84
2002      0.71      0.81
2003      0.73      0.82
2004      0.66      0.85
2005      0.93      0.82
2006      1.31      0.76
2007      0.95      0.71
2008      0.20      0.67
2009      0.23      0.60
2010      0.62      0.52
2011      0.70      0.52
2012      1.87      0.64
2013      0.26      0.81
2014      0.33      0.98
2015      1.37      1.16
2016      1.68      1.34
2017      1.43      1.55