%Station: Northern Hemispheric Means (DJF)
%
%Year No_Smoothing  Lowess(5)
%----------------------------
1881     -0.82     -0.84
1882     -0.05     -0.87
1883     -1.15     -0.90
1884     -0.73     -0.94
1885     -1.04     -0.97
1886     -0.94     -0.97
1887     -1.05     -0.94
1888     -1.19     -0.92
1889     -0.57     -0.87
1890     -0.81     -0.81
1891     -0.91     -0.80
1892     -0.39     -0.80
1893     -1.57     -0.78
1894     -0.87     -0.75
1895     -1.01     -0.71
1896     -0.53     -0.67
1897     -0.56     -0.59
1898     -0.31     -0.50
1899     -0.46     -0.42
1900     -0.56     -0.37
1901     -0.20     -0.37
1902     -0.18     -0.40
1903     -0.28     -0.43
1904     -0.79     -0.46
1905     -0.60     -0.51
1906     -0.56     -0.55
1907     -0.54     -0.56
1908     -0.43     -0.55
1909     -0.65     -0.54
1910     -0.47     -0.52
1911     -0.83     -0.47
1912     -0.22     -0.40
1913     -0.60     -0.33
1914      0.17     -0.29
1915     -0.16     -0.31
1916      0.01     -0.35
1917     -0.90     -0.37
1918     -0.97     -0.40
1919     -0.56     -0.44
1920     -0.28     -0.44
1921     -0.15     -0.36
1922     -0.49     -0.28
1923     -0.24     -0.23
1924     -0.11     -0.18
1925     -0.22     -0.14
1926      0.51     -0.12
1927     -0.17     -0.13
1928      0.12     -0.13
1929     -0.39     -0.13
1930     -0.31     -0.14
1931     -0.10     -0.14
1932      0.20     -0.12
1933     -0.33     -0.08
1934     -0.11     -0.03
1935      0.27      0.00
1936     -0.37      0.04
1937      0.25      0.10
1938      0.22      0.14
1939      0.01      0.16
1940      0.33      0.16
1941      0.31      0.15
1942     -0.02      0.12
1943      0.00      0.08
1944      0.51      0.02
1945     -0.25     -0.01
1946      0.00     -0.03
1947     -0.24     -0.07
1948      0.16     -0.11
1949     -0.08     -0.10
1950     -0.32     -0.07
1951     -0.35     -0.04
1952      0.24     -0.03
1953      0.25     -0.02
1954     -0.07     -0.00
1955      0.10      0.01
1956     -0.35      0.03
1957     -0.22      0.06
1958      0.42      0.11
1959      0.19      0.17
1960      0.33      0.23
1961      0.33      0.23
1962      0.18      0.17
1963      0.26      0.09
1964     -0.07      0.01
1965     -0.26     -0.08
1966     -0.11     -0.15
1967     -0.25     -0.19
1968     -0.18     -0.21
1969     -0.49     -0.21
1970      0.26     -0.20
1971     -0.23     -0.17
1972     -0.45     -0.14
1973      0.19     -0.12
1974     -0.16     -0.09
1975     -0.03     -0.06
1976     -0.03     -0.02
1977     -0.10      0.03
1978      0.14      0.11
1979     -0.05      0.20
1980      0.47      0.27
1981      0.66      0.32
1982      0.27      0.34
1983      0.49      0.34
1984      0.21      0.33
1985     -0.11      0.34
1986      0.39      0.37
1987      0.44      0.41
1988      0.65      0.46
1989      0.50      0.51
1990      0.50      0.53
1991      0.56      0.52
1992      0.55      0.53
1993      0.49      0.55
1994      0.26      0.59
1995      0.96      0.64
1996      0.59      0.71
1997      0.71      0.79
1998      1.00      0.85
1999      1.04      0.89
2000      0.90      0.94
2001      0.71      0.97
2002      1.26      0.97
2003      0.91      0.99
2004      1.09      1.01
2005      0.89      1.02
2006      1.05      1.00
2007      1.47      0.99
2008      0.71      0.98
2009      0.93      0.96
2010      1.08      0.93
2011      0.82      0.93
2012      0.86      0.98
2013      0.89      1.06
2014      1.08      1.17
2015      1.39      1.28
2016      2.10      1.40
2017      1.60      1.52
2018      1.46      1.64
