%Station: Northern Hemispheric Means (SON)
%
%Year No_Smoothing  Lowess(5)
%----------------------------
1880     -0.60     -0.61
1881     -0.51     -0.62
1882     -0.71     -0.62
1883     -0.61     -0.62
1884     -0.80     -0.62
1885     -0.61     -0.59
1886     -0.52     -0.57
1887     -0.50     -0.53
1888     -0.36     -0.51
1889     -0.67     -0.48
1890     -0.41     -0.46
1891     -0.51     -0.43
1892     -0.44     -0.39
1893     -0.15     -0.33
1894     -0.44     -0.29
1895     -0.10     -0.25
1896     -0.21     -0.22
1897     -0.20     -0.19
1898     -0.35     -0.18
1899      0.23     -0.20
1900      0.02     -0.22
1901     -0.23     -0.23
1902     -0.49     -0.24
1903     -0.38     -0.26
1904     -0.27     -0.27
1905     -0.11     -0.27
1906     -0.16     -0.24
1907     -0.34     -0.22
1908     -0.35     -0.21
1909      0.00     -0.21
1910     -0.27     -0.20
1911     -0.10     -0.19
1912     -0.73     -0.17
1913     -0.28     -0.18
1914     -0.13     -0.19
1915     -0.07     -0.19
1916     -0.22     -0.20
1917     -0.37     -0.21
1918     -0.14     -0.22
1919     -0.18     -0.22
1920     -0.40     -0.19
1921     -0.17     -0.13
1922     -0.19     -0.08
1923      0.20     -0.02
1924      0.08      0.06
1925      0.12      0.11
1926      0.14      0.14
1927      0.27      0.15
1928      0.12      0.16
1929      0.05      0.16
1930      0.18      0.14
1931      0.36      0.12
1932      0.05      0.11
1933     -0.14      0.10
1934      0.23      0.11
1935     -0.07      0.14
1936      0.13      0.18
1937      0.43      0.20
1938      0.42      0.21
1939      0.14      0.22
1940      0.19      0.21
1941      0.04      0.19
1942      0.20      0.17
1943      0.24      0.17
1944      0.24      0.17
1945      0.09      0.18
1946      0.06      0.16
1947      0.36      0.13
1948      0.14      0.11
1949      0.08      0.10
1950     -0.22      0.09
1951      0.22      0.08
1952     -0.05      0.06
1953      0.15      0.05
1954      0.22      0.03
1955     -0.14      0.03
1956     -0.41      0.02
1957      0.06      0.00
1958      0.04     -0.00
1959      0.01      0.02
1960      0.03      0.04
1961      0.01      0.03
1962      0.08      0.00
1963      0.33     -0.01
1964     -0.28     -0.02
1965     -0.15     -0.03
1966     -0.04     -0.05
1967      0.11     -0.04
1968     -0.12     -0.02
1969      0.06     -0.03
1970     -0.01     -0.04
1971     -0.03     -0.06
1972     -0.23     -0.08
1973      0.00     -0.10
1974     -0.21     -0.09
1975     -0.07     -0.06
1976     -0.38     -0.00
1977      0.18      0.06
1978      0.08      0.13
1979      0.31      0.18
1980      0.24      0.21
1981      0.34      0.22
1982      0.00      0.20
1983      0.46      0.17
1984      0.07      0.16
1985      0.08      0.17
1986      0.04      0.19
1987      0.33      0.23
1988      0.28      0.29
1989      0.28      0.36
1990      0.54      0.41
1991      0.48      0.44
1992     -0.14      0.49
1993     -0.01      0.52
1994      0.55      0.54
1995      0.75      0.56
1996      0.25      0.61
1997      0.69      0.64
1998      0.78      0.67
1999      0.67      0.71
2000      0.40      0.76
2001      0.88      0.81
2002      0.84      0.87
2003      1.00      0.93
2004      0.93      0.98
2005      1.20      1.00
2006      1.04      1.00
2007      1.00      1.01
2008      0.88      1.02
2009      0.95      1.02
2010      1.21      1.02
2011      1.00      1.04
2012      1.09      1.08
2013      1.00      1.13
2014      1.04      1.17
2015      1.38      1.22
2016      1.38      1.27
2017      1.24      1.33
