%Station: Northern Hemispheric Means (J-D)
%
%Year No_Smoothing  Lowess(5)
%----------------------------
1880     -0.62     -0.52
1881     -0.47     -0.55
1882     -0.45     -0.58
1883     -0.63     -0.60
1884     -0.85     -0.63
1885     -0.66     -0.65
1886     -0.64     -0.65
1887     -0.68     -0.62
1888     -0.66     -0.59
1889     -0.35     -0.56
1890     -0.53     -0.54
1891     -0.48     -0.51
1892     -0.54     -0.49
1893     -0.55     -0.48
1894     -0.44     -0.45
1895     -0.42     -0.41
1896     -0.39     -0.36
1897     -0.24     -0.31
1898     -0.33     -0.26
1899     -0.18     -0.24
1900     -0.12     -0.24
1901     -0.09     -0.26
1902     -0.42     -0.28
1903     -0.35     -0.30
1904     -0.43     -0.33
1905     -0.30     -0.35
1906     -0.17     -0.35
1907     -0.56     -0.35
1908     -0.35     -0.35
1909     -0.36     -0.36
1910     -0.32     -0.36
1911     -0.31     -0.35
1912     -0.48     -0.32
1913     -0.41     -0.31
1914     -0.15     -0.30
1915     -0.04     -0.31
1916     -0.28     -0.31
1917     -0.60     -0.30
1918     -0.42     -0.30
1919     -0.33     -0.29
1920     -0.24     -0.26
1921     -0.05     -0.21
1922     -0.24     -0.16
1923     -0.14     -0.12
1924     -0.08     -0.08
1925     -0.04     -0.05
1926      0.11     -0.02
1927     -0.04     -0.00
1928      0.05      0.01
1929     -0.26      0.02
1930      0.06      0.02
1931      0.12      0.01
1932      0.02      0.01
1933     -0.24      0.02
1934      0.09      0.02
1935     -0.06      0.04
1936      0.00      0.08
1937      0.20      0.11
1938      0.27      0.13
1939      0.14      0.14
1940      0.15      0.14
1941      0.10      0.13
1942      0.08      0.11
1943      0.11      0.09
1944      0.16      0.08
1945     -0.04      0.07
1946      0.04      0.06
1947      0.12      0.04
1948      0.07      0.02
1949     -0.02      0.01
1950     -0.19      0.01
1951      0.02      0.00
1952      0.04     -0.01
1953      0.26     -0.03
1954     -0.06     -0.03
1955     -0.13     -0.02
1956     -0.36     -0.01
1957     -0.03      0.01
1958      0.15      0.04
1959      0.11      0.07
1960      0.10      0.10
1961      0.09      0.08
1962      0.14      0.05
1963      0.12      0.01
1964     -0.23     -0.01
1965     -0.19     -0.04
1966     -0.04     -0.07
1967      0.00     -0.07
1968     -0.11     -0.06
1969     -0.05     -0.07
1970      0.02     -0.07
1971     -0.13     -0.08
1972     -0.23     -0.08
1973      0.19     -0.08
1974     -0.14     -0.06
1975      0.00     -0.02
1976     -0.21      0.02
1977      0.19      0.07
1978      0.09      0.12
1979      0.17      0.16
1980      0.24      0.19
1981      0.54      0.20
1982      0.07      0.21
1983      0.40      0.21
1984      0.16      0.22
1985      0.07      0.25
1986      0.22      0.29
1987      0.39      0.34
1988      0.51      0.40
1989      0.39      0.44
1990      0.64      0.45
1991      0.53      0.45
1992      0.19      0.46
1993      0.27      0.47
1994      0.49      0.49
1995      0.78      0.54
1996      0.44      0.60
1997      0.69      0.66
1998      0.98      0.71
1999      0.70      0.76
2000      0.73      0.81
2001      0.86      0.85
2002      0.97      0.89
2003      0.96      0.94
2004      0.88      0.97
2005      1.09      0.99
2006      1.01      0.98
2007      1.11      0.99
2008      0.82      0.99
2009      0.88      0.99
2010      1.18      0.98
2011      0.96      1.00
2012      1.00      1.04
2013      0.95      1.11
2014      1.12      1.19
2015      1.34      1.27
2016      1.64      1.35
2017      1.37      1.44
