%Station: Northern Hemispheric Means (JJA)
%
%Year No_Smoothing  Lowess(5)
%----------------------------
1880     -0.27     -0.34
1881     -0.42     -0.36
1882     -0.41     -0.38
1883     -0.31     -0.39
1884     -0.74     -0.41
1885     -0.50     -0.40
1886     -0.35     -0.39
1887     -0.37     -0.36
1888     -0.36     -0.32
1889     -0.18     -0.29
1890     -0.28     -0.26
1891     -0.26     -0.23
1892     -0.23     -0.21
1893     -0.12     -0.19
1894     -0.18     -0.15
1895     -0.21     -0.12
1896     -0.01     -0.10
1897     -0.03     -0.08
1898     -0.05     -0.07
1899     -0.09     -0.10
1900     -0.09     -0.15
1901      0.09     -0.21
1902     -0.37     -0.25
1903     -0.50     -0.28
1904     -0.39     -0.31
1905     -0.21     -0.31
1906      0.01     -0.29
1907     -0.48     -0.25
1908     -0.23     -0.23
1909     -0.20     -0.23
1910     -0.22     -0.24
1911     -0.10     -0.24
1912     -0.56     -0.23
1913     -0.47     -0.22
1914     -0.20     -0.23
1915      0.02     -0.23
1916     -0.17     -0.22
1917     -0.25     -0.21
1918     -0.37     -0.20
1919     -0.21     -0.19
1920     -0.13     -0.17
1921     -0.04     -0.14
1922     -0.11     -0.11
1923     -0.17     -0.09
1924     -0.04     -0.08
1925     -0.12     -0.07
1926     -0.04     -0.05
1927      0.06     -0.03
1928     -0.04     -0.00
1929     -0.21      0.01
1930      0.14      0.01
1931      0.23      0.02
1932     -0.05      0.03
1933     -0.05      0.04
1934      0.03      0.05
1935     -0.01      0.07
1936      0.20      0.10
1937      0.22      0.11
1938      0.14      0.12
1939      0.09      0.11
1940      0.06      0.09
1941      0.12      0.06
1942      0.02      0.05
1943     -0.01      0.03
1944      0.04      0.01
1945      0.00      0.00
1946     -0.03     -0.01
1947     -0.02     -0.03
1948      0.04     -0.04
1949     -0.12     -0.03
1950     -0.20     -0.01
1951      0.05     -0.00
1952      0.10     -0.00
1953      0.21      0.00
1954     -0.09      0.00
1955     -0.07      0.00
1956     -0.33     -0.00
1957      0.07      0.01
1958      0.02      0.03
1959      0.07      0.06
1960      0.15      0.06
1961      0.11      0.03
1962     -0.03     -0.00
1963      0.01     -0.03
1964     -0.20     -0.05
1965     -0.27     -0.06
1966      0.09     -0.07
1967      0.01     -0.05
1968     -0.16     -0.04
1969      0.02     -0.03
1970      0.05     -0.03
1971     -0.13     -0.03
1972     -0.08     -0.03
1973      0.18     -0.03
1974     -0.09     -0.02
1975      0.01     -0.00
1976     -0.22      0.02
1977      0.18      0.04
1978     -0.03      0.09
1979      0.14      0.13
1980      0.21      0.17
1981      0.33      0.20
1982      0.06      0.22
1983      0.36      0.22
1984      0.26      0.23
1985      0.07      0.26
1986      0.13      0.30
1987      0.40      0.33
1988      0.50      0.39
1989      0.39      0.45
1990      0.55      0.47
1991      0.54      0.48
1992     -0.01      0.50
1993      0.22      0.50
1994      0.52      0.50
1995      0.67      0.51
1996      0.38      0.53
1997      0.56      0.56
1998      0.95      0.59
1999      0.53      0.63
2000      0.62      0.68
2001      0.80      0.73
2002      0.86      0.77
2003      0.86      0.82
2004      0.67      0.85
2005      0.97      0.85
2006      0.90      0.85
2007      0.90      0.87
2008      0.71      0.88
2009      0.81      0.90
2010      1.07      0.91
2011      0.92      0.93
2012      1.02      0.96
2013      0.85      1.00
2014      0.96      1.04
2015      1.10      1.08
2016      1.34      1.12
2017      1.11      1.17
