1880     -0.52     -0.48
1881     -0.51     -0.50
1882     -0.30     -0.52
1883     -0.63     -0.54
1884     -0.63     -0.55
1885     -0.70     -0.55
1886     -0.50     -0.53
1887     -0.48     -0.49
1888     -0.44     -0.45
1889     -0.21     -0.43
1890     -0.55     -0.43
1891     -0.30     -0.43
1892     -0.59     -0.43
1893     -0.51     -0.43
1894     -0.26     -0.41
1895     -0.46     -0.38
1896     -0.35     -0.32
1897     -0.39     -0.26
1898     -0.16     -0.21
1899     -0.01     -0.19
1900     -0.09     -0.19
1901     -0.04     -0.22
1902     -0.42     -0.26
1903     -0.39     -0.30
1904     -0.56     -0.34
1905     -0.19     -0.39
1906     -0.01     -0.41
1907     -0.71     -0.40
1908     -0.52     -0.41
1909     -0.52     -0.43
1910     -0.17     -0.43
1911     -0.37     -0.37
1912     -0.73     -0.31
1913     -0.26     -0.29
1914     -0.08     -0.29
1915     -0.07     -0.27
1916     -0.44     -0.26
1917     -0.38     -0.26
1918     -0.17     -0.24
1919     -0.46     -0.21
1920     -0.08     -0.18
1921      0.26     -0.14
1922     -0.30     -0.08
1923     -0.04     -0.03
1924     -0.16     -0.01
1925      0.26     -0.01
1926      0.25     -0.01
1927     -0.13      0.00
1928     -0.08      0.01
1929     -0.52      0.02
1930      0.16      0.04
1931      0.08      0.08
1932      0.31      0.12
1933     -0.39      0.15
1934      0.40      0.16
1935      0.06      0.18
1936      0.19      0.20
1937      0.10      0.21
1938      0.45      0.19
1939      0.34      0.16
1940      0.05      0.16
1941     -0.05      0.15
1942     -0.01      0.13
1943      0.28      0.10
1944      0.51      0.09
1945     -0.02      0.10
1946     -0.01      0.10
1947     -0.13      0.06
1948      0.34      0.03
1949      0.16      0.02
1950     -0.32      0.02
1951      0.03      0.01
1952     -0.07     -0.03
1953      0.36     -0.06
1954     -0.21     -0.04
1955     -0.08     -0.02
1956     -0.47      0.00
1957      0.22      0.03
1958      0.18      0.08
1959      0.17      0.15
1960     -0.05      0.20
1961      0.37      0.18
1962      0.33      0.14
1963      0.33      0.09
1964     -0.22      0.05
1965     -0.23     -0.01
1966     -0.16     -0.07
1967      0.26     -0.11
1968     -0.02     -0.11
1969     -0.59     -0.10
1970     -0.13     -0.11
1971      0.00     -0.10
1972     -0.50     -0.06
1973      0.26     -0.02
1974     -0.10      0.01
1975      0.36      0.03
1976     -0.33      0.05
1977      0.22      0.05
1978      0.00      0.06
1979      0.06      0.08
1980      0.01      0.12
1981      0.77      0.14
1982      0.07      0.14
1983      0.67      0.15
1984      0.08      0.17
1985     -0.27      0.19
1986      0.25      0.24
1987      0.14      0.32
1988      0.51      0.43
1989      0.67      0.50
1990      0.83      0.52
1991      0.61      0.53
1992      0.37      0.53
1993      0.24      0.52
1994      0.47      0.55
1995      0.96      0.61
1996      0.21      0.69
1997      0.90      0.76
1998      0.94      0.81
1999      0.84      0.84
2000      0.77      0.87
2001      0.82      0.89
2002      0.98      0.92
2003      0.96      0.97
2004      0.94      1.02
2005      1.18      1.06
2006      1.07      1.05
2007      1.31      1.03
2008      1.04      1.00
2009      0.59      0.96
2010      0.87      0.93
2011      0.90      0.93
2012      0.90      0.99
2013      1.03      1.08
2014      1.13      1.18
2015      1.45      1.28
2016      1.43      1.38
2017      1.37      1.48