1880     -0.33     -0.24
1881     -0.20     -0.27
1882     -0.22     -0.30
1883     -0.33     -0.33
1884     -0.45     -0.35
1885     -0.41     -0.37
1886     -0.42     -0.36
1887     -0.40     -0.35
1888     -0.23     -0.33
1889     -0.17     -0.32
1890     -0.42     -0.33
1891     -0.27     -0.34
1892     -0.38     -0.35
1893     -0.46     -0.34
1894     -0.39     -0.32
1895     -0.28     -0.30
1896     -0.20     -0.27
1897     -0.18     -0.23
1898     -0.28     -0.21
1899     -0.21     -0.21
1900     -0.09     -0.23
1901     -0.11     -0.27
1902     -0.36     -0.29
1903     -0.40     -0.32
1904     -0.51     -0.36
1905     -0.32     -0.39
1906     -0.24     -0.41
1907     -0.48     -0.42
1908     -0.47     -0.42
1909     -0.48     -0.44
1910     -0.44     -0.44
1911     -0.40     -0.42
1912     -0.46     -0.39
1913     -0.43     -0.36
1914     -0.20     -0.36
1915     -0.12     -0.36
1916     -0.37     -0.34
1917     -0.54     -0.34
1918     -0.37     -0.33
1919     -0.34     -0.31
1920     -0.27     -0.28
1921     -0.08     -0.24
1922     -0.25     -0.20
1923     -0.19     -0.17
1924     -0.16     -0.14
1925     -0.11     -0.12
1926      0.03     -0.11
1927     -0.11     -0.09
1928     -0.09     -0.07
1929     -0.31     -0.06
1930      0.01     -0.07
1931      0.04     -0.06
1932     -0.05     -0.06
1933     -0.26     -0.05
1934     -0.01     -0.04
1935     -0.09     -0.03
1936     -0.04      0.01
1937      0.12      0.05
1938      0.12      0.09
1939      0.08      0.12
1940      0.17      0.14
1941      0.23      0.15
1942      0.10      0.16
1943      0.15      0.15
1944      0.27      0.13
1945      0.09      0.10
1946      0.03      0.07
1947      0.06      0.03
1948     -0.01      0.01
1949     -0.03      0.00
1950     -0.18      0.01
1951      0.05      0.01
1952      0.06      0.00
1953      0.24     -0.00
1954     -0.04     -0.00
1955     -0.10      0.01
1956     -0.26      0.01
1957      0.04      0.03
1958      0.17      0.05
1959      0.12      0.09
1960      0.08      0.11
1961      0.08      0.09
1962      0.15      0.06
1963      0.16      0.03
1964     -0.19      0.02
1965     -0.13     -0.01
1966     -0.01     -0.03
1967      0.03     -0.04
1968     -0.06     -0.04
1969     -0.01     -0.05
1970     -0.03     -0.07
1971     -0.16     -0.08
1972     -0.18     -0.10
1973      0.10     -0.11
1974     -0.20     -0.10
1975     -0.06     -0.07
1976     -0.21     -0.04
1977      0.11     -0.00
1978      0.02      0.05
1979      0.08      0.09
1980      0.16      0.12
1981      0.38      0.13
1982      0.05      0.13
1983      0.25      0.12
1984      0.04      0.13
1985     -0.01      0.14
1986      0.12      0.18
1987      0.26      0.22
1988      0.37      0.28
1989      0.28      0.32
1990      0.51      0.33
1991      0.41      0.33
1992      0.12      0.34
1993      0.19      0.35
1994      0.37      0.36
1995      0.57      0.40
1996      0.28      0.46
1997      0.53      0.49
1998      0.73      0.53
1999      0.50      0.56
2000      0.51      0.60
2001      0.64      0.63
2002      0.72      0.66
2003      0.73      0.71
2004      0.67      0.74
2005      0.84      0.75
2006      0.79      0.76
2007      0.83      0.76
2008      0.65      0.77
2009      0.71      0.76
2010      0.88      0.76
2011      0.71      0.78
2012      0.77      0.82
2013      0.76      0.89
2014      0.91      0.97
2015      1.13      1.05
2016      1.28      1.13
2017      1.12      1.21