%Station: Northern Hemispheric Means (MAM)
%
%Year No_Smoothing  Lowess(5)
%----------------------------
1880     -0.66     -0.47
1881     -0.28     -0.51
1882     -0.46     -0.54
1883     -0.59     -0.57
1884     -1.09     -0.61
1885     -0.73     -0.65
1886     -0.67     -0.69
1887     -0.60     -0.69
1888     -0.81     -0.67
1889      0.04     -0.65
1890     -0.67     -0.63
1891     -0.46     -0.59
1892     -0.78     -0.54
1893     -0.43     -0.50
1894     -0.38     -0.47
1895     -0.37     -0.45
1896     -0.74     -0.42
1897     -0.25     -0.38
1898     -0.60     -0.34
1899     -0.30     -0.32
1900     -0.06     -0.31
1901      0.15     -0.31
1902     -0.50     -0.30
1903     -0.31     -0.30
1904     -0.41     -0.33
1905     -0.26     -0.36
1906     -0.07     -0.38
1907     -0.64     -0.39
1908     -0.42     -0.40
1909     -0.56     -0.42
1910     -0.24     -0.42
1911     -0.47     -0.40
1912     -0.30     -0.37
1913     -0.51     -0.35
1914     -0.27     -0.35
1915     -0.01     -0.37
1916     -0.37     -0.38
1917     -0.77     -0.36
1918     -0.52     -0.34
1919     -0.37     -0.31
1920     -0.08     -0.27
1921     -0.06     -0.22
1922     -0.15     -0.17
1923     -0.44     -0.15
1924     -0.10     -0.15
1925     -0.14     -0.16
1926      0.08     -0.15
1927     -0.30     -0.14
1928     -0.16     -0.13
1929     -0.23     -0.12
1930      0.02     -0.12
1931     -0.07     -0.12
1932     -0.04     -0.12
1933     -0.25     -0.12
1934     -0.15     -0.12
1935     -0.20     -0.10
1936     -0.07     -0.06
1937     -0.03     -0.01
1938      0.35      0.03
1939     -0.07      0.07
1940      0.26      0.09
1941      0.06      0.09
1942      0.08      0.09
1943      0.07      0.09
1944      0.09      0.10
1945      0.06      0.10
1946      0.13      0.10
1947      0.25      0.09
1948      0.06      0.07
1949      0.01      0.04
1950     -0.05      0.02
1951     -0.02     -0.02
1952     -0.02     -0.07
1953      0.35     -0.11
1954     -0.15     -0.15
1955     -0.31     -0.16
1956     -0.37     -0.15
1957     -0.19     -0.12
1958      0.13     -0.07
1959      0.17     -0.01
1960     -0.21      0.03
1961      0.12      0.02
1962      0.21     -0.02
1963     -0.08     -0.05
1964     -0.28     -0.06
1965     -0.15     -0.06
1966     -0.14     -0.06
1967      0.10     -0.04
1968      0.15     -0.02
1969     -0.04     -0.02
1970      0.01     -0.02
1971     -0.20     -0.02
1972     -0.16     -0.02
1973      0.33     -0.01
1974     -0.01      0.02
1975      0.10      0.07
1976     -0.21      0.10
1977      0.36      0.12
1978      0.15      0.16
1979      0.10      0.19
1980      0.25      0.22
1981      0.62      0.23
1982      0.07      0.24
1983      0.35      0.24
1984      0.25      0.25
1985      0.10      0.27
1986      0.31      0.32
1987      0.23      0.38
1988      0.62      0.43
1989      0.48      0.47
1990      0.95      0.49
1991      0.59      0.51
1992      0.35      0.52
1993      0.40      0.53
1994      0.56      0.56
1995      0.77      0.62
1996      0.48      0.70
1997      0.79      0.76
1998      1.08      0.82
1999      0.62      0.88
2000      1.08      0.92
2001      0.94      0.95
2002      1.02      0.98
2003      0.90      1.00
2004      1.04      1.02
2005      1.12      1.03
2006      0.94      1.04
2007      1.19      1.05
2008      1.02      1.06
2009      0.84      1.07
2010      1.37      1.08
2011      1.03      1.10
2012      1.18      1.14
2013      0.94      1.19
2014      1.32      1.24
2015      1.31      1.28
2016      1.92      1.32
2017      1.47      1.36
2018      1.27      1.40
